/opt/anaconda3/envs/dart_env/lib/python3.11/site-packages/torch/optim/lr_scheduler.py:227: UserWarning: Detected call of `lr_scheduler.step()` before `optimizer.step()`. In PyTorch 1.1.0 and later, you should call them in the opposite order: `optimizer.step()` before `lr_scheduler.step()`.  Failure to do this will result in PyTorch skipping the first value of the learning rate schedule. See more details at https://pytorch.org/docs/stable/optim.html#how-to-adjust-learning-rate
  warnings.warn(
05/25 05:48:47 PM epoch 0 lr 9.999753e-03
05/25 05:48:47 PM genotype = Genotype(normal=[('dil_conv_5x5', 1), ('sep_conv_3x3', 0), ('sep_conv_3x3', 2), ('sep_conv_3x3', 0), ('dil_conv_5x5', 0), ('max_pool_3x3', 3), ('dil_conv_5x5', 0), ('dil_conv_5x5', 4), ('skip_connect', 1), ('max_pool_3x3', 0), ('max_pool_3x3', 0), ('skip_connect', 2), ('max_pool_3x3', 3), ('max_pool_3x3', 1), ('max_pool_3x3', 3), ('max_pool_3x3', 2)], normal_concat=range(2, 6), reduce=[('max_pool_3x3', 0), ('conv_3x3', 1), ('sep_conv_3x3', 1), ('max_pool_3x3', 0), ('max_pool_3x3', 2), ('sep_conv_3x3', 3), ('sep_conv_3x3', 3), ('sep_conv_3x3', 1), ('max_pool_3x3', 1), ('max_pool_3x3', 0), ('max_pool_3x3', 1), ('max_pool_3x3', 0), ('max_pool_3x3', 0), ('skip_connect', 2), ('skip_connect', 0), ('skip_connect', 2)], reduce_concat=range(2, 6))
05/25 05:48:47 PM Softmax of alphas_normal:
05/25 05:48:47 PM Cell 0: tensor([[0.2496, 0.2502, 0.2501, 0.2500],
        [0.2500, 0.2498, 0.2502, 0.2500],
        [0.2496, 0.2504, 0.2501, 0.2499],
        [0.2497, 0.2501, 0.2501, 0.2501],
        [0.2497, 0.2505, 0.2505, 0.2493],
        [0.2498, 0.2502, 0.2503, 0.2497],
        [0.2497, 0.2501, 0.2501, 0.2501],
        [0.2501, 0.2498, 0.2499, 0.2501],
        [0.2500, 0.2500, 0.2497, 0.2503],
        [0.2501, 0.2497, 0.2505, 0.2497],
        [0.2500, 0.2502, 0.2498, 0.2499],
        [0.2498, 0.2500, 0.2501, 0.2501],
        [0.2500, 0.2502, 0.2499, 0.2499],
        [0.2498, 0.2501, 0.2504, 0.2497]], device='mps:0',
       grad_fn=<SoftmaxBackward0>)
05/25 05:48:47 PM Cell 1: tensor([[0.5001, 0.4999],
        [0.4998, 0.5002],
        [0.5003, 0.4997],
        [0.5000, 0.5000],
        [0.4999, 0.5001],
        [0.5002, 0.4998],
        [0.5003, 0.4997],
        [0.4999, 0.5001],
        [0.5003, 0.4997],
        [0.4999, 0.5001],
        [0.4997, 0.5003],
        [0.5005, 0.4995],
        [0.5005, 0.4995],
        [0.5000, 0.5000]], device='mps:0', grad_fn=<SoftmaxBackward0>)
05/25 05:48:47 PM Softmax of alphas_reduce:
05/25 05:48:47 PM Cell 0: tensor([[0.2500, 0.2500, 0.2498, 0.2502],
        [0.2502, 0.2499, 0.2500, 0.2499],
        [0.2499, 0.2501, 0.2499, 0.2501],
        [0.2498, 0.2505, 0.2498, 0.2498],
        [0.2499, 0.2501, 0.2500, 0.2500],
        [0.2499, 0.2496, 0.2502, 0.2503],
        [0.2500, 0.2501, 0.2501, 0.2498],
        [0.2500, 0.2499, 0.2496, 0.2505],
        [0.2497, 0.2503, 0.2502, 0.2498],
        [0.2500, 0.2501, 0.2497, 0.2502],
        [0.2499, 0.2503, 0.2503, 0.2495],
        [0.2501, 0.2497, 0.2501, 0.2501],
        [0.2499, 0.2504, 0.2500, 0.2497],
        [0.2502, 0.2499, 0.2501, 0.2498]], device='mps:0',
       grad_fn=<SoftmaxBackward0>)
05/25 05:48:47 PM Cell 1: tensor([[0.5001, 0.4999],
        [0.5002, 0.4998],
        [0.5006, 0.4994],
        [0.5010, 0.4990],
        [0.5002, 0.4998],
        [0.5007, 0.4993],
        [0.4998, 0.5002],
        [0.4996, 0.5004],
        [0.4996, 0.5004],
        [0.4994, 0.5006],
        [0.4997, 0.5003],
        [0.4996, 0.5004],
        [0.5003, 0.4997],
        [0.5000, 0.5000]], device='mps:0', grad_fn=<SoftmaxBackward0>)
                                                                                                                                                                                             
 energy of skip connecter : 0.00012066169425308017
 energy of skip connecter : 0.00012066169425308017
 energy of skip connecter : 0.00012066169425308017
 energy of skip connecter : 0.00012066169425308017
 energy of skip connecter : 0.00012066169425308017
 energy of skip connecter : 0.00012066169425308017
 energy of skip connecter : 0.00012066169425308017
 energy of skip connecter : 0.00012066169425308017
05/25 05:49:22 PM train Top 1: 16.0000 | train Top 5: 72.0000  | Loss: 3.5770 | Total energy: tensor(0.0023, device='mps:0', grad_fn=<AddBackward0>)
05/25 05:49:37 PM Validation Top 1: 16.0000 | Val Top 5: 56.0000  | Loss: 19.1759
05/25 05:49:37 PM epoch 1 lr 9.999013e-03
05/25 05:49:37 PM genotype = Genotype(normal=[('dil_conv_5x5', 1), ('sep_conv_3x3', 0), ('sep_conv_3x3', 2), ('sep_conv_3x3', 0), ('dil_conv_5x5', 0), ('max_pool_3x3', 3), ('dil_conv_5x5', 0), ('dil_conv_5x5', 4), ('skip_connect', 1), ('max_pool_3x3', 0), ('max_pool_3x3', 0), ('skip_connect', 2), ('max_pool_3x3', 3), ('max_pool_3x3', 1), ('max_pool_3x3', 3), ('max_pool_3x3', 2)], normal_concat=range(2, 6), reduce=[('sep_conv_3x3', 0), ('conv_3x3', 1), ('max_pool_3x3', 1), ('max_pool_3x3', 2), ('max_pool_3x3', 2), ('sep_conv_3x3', 3), ('max_pool_3x3', 4), ('sep_conv_3x3', 3), ('skip_connect', 1), ('skip_connect', 0), ('skip_connect', 1), ('skip_connect', 0), ('skip_connect', 1), ('skip_connect', 0), ('max_pool_3x3', 4), ('max_pool_3x3', 3)], reduce_concat=range(2, 6))
05/25 05:49:37 PM Softmax of alphas_normal:
05/25 05:49:37 PM Cell 0: tensor([[0.2496, 0.2502, 0.2501, 0.2500],
        [0.2500, 0.2498, 0.2502, 0.2500],
        [0.2496, 0.2504, 0.2501, 0.2499],
        [0.2497, 0.2501, 0.2501, 0.2501],
        [0.2497, 0.2505, 0.2505, 0.2493],
        [0.2498, 0.2502, 0.2503, 0.2497],
        [0.2497, 0.2501, 0.2501, 0.2501],
        [0.2501, 0.2498, 0.2499, 0.2501],
        [0.2500, 0.2500, 0.2497, 0.2503],
        [0.2501, 0.2497, 0.2505, 0.2497],
        [0.2500, 0.2502, 0.2498, 0.2499],
        [0.2498, 0.2500, 0.2501, 0.2501],
        [0.2500, 0.2502, 0.2499, 0.2499],
        [0.2498, 0.2501, 0.2504, 0.2497]], device='mps:0',
       grad_fn=<SoftmaxBackward0>)
05/25 05:49:37 PM Cell 1: tensor([[0.5001, 0.4999],
        [0.4998, 0.5002],
        [0.5003, 0.4997],
        [0.5000, 0.5000],
        [0.4999, 0.5001],
        [0.5002, 0.4998],
        [0.5003, 0.4997],
        [0.4999, 0.5001],
        [0.5003, 0.4997],
        [0.4999, 0.5001],
        [0.4997, 0.5003],
        [0.5005, 0.4995],
        [0.5005, 0.4995],
        [0.5000, 0.5000]], device='mps:0', grad_fn=<SoftmaxBackward0>)
05/25 05:49:37 PM Softmax of alphas_reduce:
05/25 05:49:37 PM Cell 0: tensor([[0.2534, 0.2590, 0.2503, 0.2373],
        [0.2590, 0.2327, 0.2527, 0.2556],
        [0.2557, 0.2395, 0.2497, 0.2551],
        [0.2505, 0.2344, 0.2523, 0.2628],
        [0.2369, 0.2555, 0.2466, 0.2611],
        [0.2583, 0.2496, 0.2431, 0.2489],
        [0.2558, 0.2550, 0.2484, 0.2408],
        [0.2402, 0.2439, 0.2492, 0.2667],
        [0.2493, 0.2609, 0.2333, 0.2565],
        [0.2510, 0.2452, 0.2507, 0.2531],
        [0.2323, 0.2563, 0.2596, 0.2517],
        [0.2569, 0.2356, 0.2571, 0.2504],
        [0.2472, 0.2649, 0.2457, 0.2422],
        [0.2325, 0.2622, 0.2400, 0.2653]], device='mps:0',
       grad_fn=<SoftmaxBackward0>)
05/25 05:49:37 PM Cell 1: tensor([[0.4651, 0.5349],
        [0.4545, 0.5455],
        [0.4589, 0.5411],
        [0.4551, 0.5449],
        [0.4659, 0.5341],
        [0.4635, 0.5365],
        [0.4631, 0.5369],
        [0.4684, 0.5316],
        [0.5269, 0.4731],
        [0.4504, 0.5496],
        [0.4503, 0.5497],
        [0.4498, 0.5502],
        [0.5539, 0.4461],
        [0.5630, 0.4370]], device='mps:0', grad_fn=<SoftmaxBackward0>)
05/25 05:50:10 PM train Top 1: 12.0000 | train Top 5: 32.0000  | Loss: 6.6416 | Total energy: tensor(0.0023, device='mps:0', grad_fn=<AddBackward0>)
05/25 05:50:26 PM Validation Top 1: 12.0000 | Val Top 5: 60.0000  | Loss: 22.1513
05/25 05:50:26 PM epoch 2 lr 9.997780e-03
05/25 05:50:26 PM genotype = Genotype(normal=[('dil_conv_5x5', 1), ('sep_conv_3x3', 0), ('sep_conv_3x3', 2), ('sep_conv_3x3', 0), ('dil_conv_5x5', 0), ('max_pool_3x3', 3), ('dil_conv_5x5', 0), ('dil_conv_5x5', 4), ('skip_connect', 1), ('max_pool_3x3', 0), ('max_pool_3x3', 0), ('skip_connect', 2), ('max_pool_3x3', 3), ('max_pool_3x3', 1), ('max_pool_3x3', 3), ('max_pool_3x3', 2)], normal_concat=range(2, 6), reduce=[('conv_3x3', 1), ('conv_3x3', 0), ('conv_3x3', 1), ('conv_3x3', 0), ('max_pool_3x3', 2), ('conv_3x3', 3), ('sep_conv_3x3', 3), ('conv_3x3', 2), ('skip_connect', 1), ('skip_connect', 0), ('skip_connect', 1), ('skip_connect', 0), ('max_pool_3x3', 3), ('skip_connect', 1), ('max_pool_3x3', 4), ('max_pool_3x3', 3)], reduce_concat=range(2, 6))
05/25 05:50:26 PM Softmax of alphas_normal:
05/25 05:50:26 PM Cell 0: tensor([[0.2496, 0.2502, 0.2501, 0.2500],
        [0.2500, 0.2498, 0.2502, 0.2500],
        [0.2496, 0.2504, 0.2501, 0.2499],
        [0.2497, 0.2501, 0.2501, 0.2501],
        [0.2497, 0.2505, 0.2505, 0.2493],
        [0.2498, 0.2502, 0.2503, 0.2497],
        [0.2497, 0.2501, 0.2501, 0.2501],
        [0.2501, 0.2498, 0.2499, 0.2501],
        [0.2500, 0.2500, 0.2497, 0.2503],
        [0.2501, 0.2497, 0.2505, 0.2497],
        [0.2500, 0.2502, 0.2498, 0.2499],
        [0.2498, 0.2500, 0.2501, 0.2501],
        [0.2500, 0.2502, 0.2499, 0.2499],
        [0.2498, 0.2501, 0.2504, 0.2497]], device='mps:0',
       grad_fn=<SoftmaxBackward0>)
05/25 05:50:26 PM Cell 1: tensor([[0.5001, 0.4999],
        [0.4998, 0.5002],
        [0.5003, 0.4997],
        [0.5000, 0.5000],
        [0.4999, 0.5001],
        [0.5002, 0.4998],
        [0.5003, 0.4997],
        [0.4999, 0.5001],
        [0.5003, 0.4997],
        [0.4999, 0.5001],
        [0.4997, 0.5003],
        [0.5005, 0.4995],
        [0.5005, 0.4995],
        [0.5000, 0.5000]], device='mps:0', grad_fn=<SoftmaxBackward0>)
05/25 05:50:26 PM Softmax of alphas_reduce:
05/25 05:50:26 PM Cell 0: tensor([[0.2733, 0.2567, 0.2487, 0.2212],
        [0.2775, 0.2284, 0.2534, 0.2407],
        [0.2657, 0.2347, 0.2595, 0.2402],
        [0.2673, 0.2217, 0.2503, 0.2607],
        [0.2427, 0.2495, 0.2423, 0.2654],
        [0.2600, 0.2622, 0.2327, 0.2451],
        [0.2637, 0.2526, 0.2438, 0.2400],
        [0.2509, 0.2295, 0.2351, 0.2845],
        [0.2680, 0.2615, 0.2362, 0.2343],
        [0.2596, 0.2446, 0.2532, 0.2426],
        [0.2384, 0.2496, 0.2620, 0.2500],
        [0.2662, 0.2343, 0.2451, 0.2543],
        [0.2594, 0.2729, 0.2434, 0.2243],
        [0.2463, 0.2629, 0.2401, 0.2507]], device='mps:0',
       grad_fn=<SoftmaxBackward0>)
05/25 05:50:26 PM Cell 1: tensor([[0.4682, 0.5318],
        [0.4223, 0.5777],
        [0.4359, 0.5641],
        [0.4178, 0.5822],
        [0.4719, 0.5281],
        [0.4395, 0.5605],
        [0.4292, 0.5708],
        [0.4738, 0.5262],
        [0.5797, 0.4203],
        [0.4202, 0.5798],
        [0.3973, 0.6027],
        [0.4602, 0.5398],
        [0.6103, 0.3897],
        [0.6194, 0.3806]], device='mps:0', grad_fn=<SoftmaxBackward0>)
05/25 05:50:58 PM train Top 1: 12.0000 | train Top 5: 44.0000  | Loss: 9.4648 | Total energy: tensor(0.0023, device='mps:0', grad_fn=<AddBackward0>)
05/25 05:51:14 PM Validation Top 1: 8.0000 | Val Top 5: 40.0000  | Loss: 26.2729
05/25 05:51:14 PM epoch 3 lr 9.996053e-03
05/25 05:51:14 PM genotype = Genotype(normal=[('dil_conv_5x5', 1), ('sep_conv_3x3', 0), ('sep_conv_3x3', 2), ('sep_conv_3x3', 0), ('dil_conv_5x5', 0), ('max_pool_3x3', 3), ('dil_conv_5x5', 0), ('dil_conv_5x5', 4), ('skip_connect', 1), ('max_pool_3x3', 0), ('max_pool_3x3', 0), ('skip_connect', 2), ('max_pool_3x3', 3), ('max_pool_3x3', 1), ('max_pool_3x3', 3), ('max_pool_3x3', 2)], normal_concat=range(2, 6), reduce=[('conv_3x3', 1), ('conv_3x3', 0), ('conv_3x3', 0), ('max_pool_3x3', 1), ('max_pool_3x3', 2), ('sep_conv_3x3', 3), ('sep_conv_3x3', 3), ('conv_3x3', 2), ('skip_connect', 1), ('skip_connect', 0), ('skip_connect', 1), ('skip_connect', 0), ('max_pool_3x3', 3), ('skip_connect', 1), ('max_pool_3x3', 4), ('max_pool_3x3', 3)], reduce_concat=range(2, 6))
05/25 05:51:14 PM Softmax of alphas_normal:
05/25 05:51:14 PM Cell 0: tensor([[0.2496, 0.2502, 0.2501, 0.2500],
        [0.2500, 0.2498, 0.2502, 0.2500],
        [0.2496, 0.2504, 0.2501, 0.2499],
        [0.2497, 0.2501, 0.2501, 0.2501],
        [0.2497, 0.2505, 0.2505, 0.2493],
        [0.2498, 0.2502, 0.2503, 0.2497],
        [0.2497, 0.2501, 0.2501, 0.2501],
        [0.2501, 0.2498, 0.2499, 0.2501],
        [0.2500, 0.2500, 0.2497, 0.2503],
        [0.2501, 0.2497, 0.2505, 0.2497],
        [0.2500, 0.2502, 0.2498, 0.2499],
        [0.2498, 0.2500, 0.2501, 0.2501],
        [0.2500, 0.2502, 0.2499, 0.2499],
        [0.2498, 0.2501, 0.2504, 0.2497]], device='mps:0',
       grad_fn=<SoftmaxBackward0>)
05/25 05:51:14 PM Cell 1: tensor([[0.5001, 0.4999],
        [0.4998, 0.5002],
        [0.5003, 0.4997],
        [0.5000, 0.5000],
        [0.4999, 0.5001],
        [0.5002, 0.4998],
        [0.5003, 0.4997],
        [0.4999, 0.5001],
        [0.5003, 0.4997],
        [0.4999, 0.5001],
        [0.4997, 0.5003],
        [0.5005, 0.4995],
        [0.5005, 0.4995],
        [0.5000, 0.5000]], device='mps:0', grad_fn=<SoftmaxBackward0>)
05/25 05:51:14 PM Softmax of alphas_reduce:
05/25 05:51:14 PM Cell 0: tensor([[0.2754, 0.2529, 0.2502, 0.2216],
        [0.2798, 0.2262, 0.2549, 0.2390],
        [0.2681, 0.2217, 0.2644, 0.2458],
        [0.2653, 0.2278, 0.2415, 0.2654],
        [0.2453, 0.2530, 0.2377, 0.2641],
        [0.2552, 0.2689, 0.2283, 0.2475],
        [0.2555, 0.2546, 0.2429, 0.2471],
        [0.2525, 0.2272, 0.2285, 0.2919],
        [0.2622, 0.2690, 0.2348, 0.2340],
        [0.2615, 0.2378, 0.2540, 0.2467],
        [0.2387, 0.2488, 0.2603, 0.2522],
        [0.2624, 0.2294, 0.2464, 0.2618],
        [0.2586, 0.2744, 0.2418, 0.2252],
        [0.2501, 0.2592, 0.2377, 0.2530]], device='mps:0',
       grad_fn=<SoftmaxBackward0>)
05/25 05:51:14 PM Cell 1: tensor([[0.4797, 0.5203],
        [0.3937, 0.6063],
        [0.4389, 0.5611],
        [0.4007, 0.5993],
        [0.4405, 0.5595],
        [0.4252, 0.5748],
        [0.4035, 0.5965],
        [0.4448, 0.5552],
        [0.6196, 0.3804],
        [0.4103, 0.5897],
        [0.3657, 0.6343],
        [0.4337, 0.5663],
        [0.6529, 0.3471],
        [0.6673, 0.3327]], device='mps:0', grad_fn=<SoftmaxBackward0>)
05/25 05:51:47 PM train Top 1: 20.0000 | train Top 5: 68.0000  | Loss: 5.9599 | Total energy: tensor(0.0023, device='mps:0', grad_fn=<AddBackward0>)
05/25 05:52:02 PM Validation Top 1: 16.0000 | Val Top 5: 56.0000  | Loss: 11.6170
05/25 05:52:03 PM epoch 4 lr 9.993833e-03
05/25 05:52:03 PM genotype = Genotype(normal=[('dil_conv_5x5', 1), ('sep_conv_3x3', 0), ('sep_conv_3x3', 2), ('sep_conv_3x3', 0), ('dil_conv_5x5', 0), ('max_pool_3x3', 3), ('dil_conv_5x5', 0), ('dil_conv_5x5', 4), ('skip_connect', 1), ('max_pool_3x3', 0), ('max_pool_3x3', 0), ('skip_connect', 2), ('max_pool_3x3', 3), ('max_pool_3x3', 1), ('max_pool_3x3', 3), ('max_pool_3x3', 2)], normal_concat=range(2, 6), reduce=[('conv_3x3', 1), ('conv_3x3', 0), ('max_pool_3x3', 1), ('conv_3x3', 0), ('max_pool_3x3', 2), ('sep_conv_3x3', 3), ('conv_3x3', 0), ('conv_3x3', 2), ('skip_connect', 1), ('skip_connect', 0), ('skip_connect', 1), ('skip_connect', 2), ('max_pool_3x3', 3), ('skip_connect', 0), ('max_pool_3x3', 4), ('max_pool_3x3', 3)], reduce_concat=range(2, 6))
05/25 05:52:03 PM Softmax of alphas_normal:
05/25 05:52:03 PM Cell 0: tensor([[0.2496, 0.2502, 0.2501, 0.2500],
        [0.2500, 0.2498, 0.2502, 0.2500],
        [0.2496, 0.2504, 0.2501, 0.2499],
        [0.2497, 0.2501, 0.2501, 0.2501],
        [0.2497, 0.2505, 0.2505, 0.2493],
        [0.2498, 0.2502, 0.2503, 0.2497],
        [0.2497, 0.2501, 0.2501, 0.2501],
        [0.2501, 0.2498, 0.2499, 0.2501],
        [0.2500, 0.2500, 0.2497, 0.2503],
        [0.2501, 0.2497, 0.2505, 0.2497],
        [0.2500, 0.2502, 0.2498, 0.2499],
        [0.2498, 0.2500, 0.2501, 0.2501],
        [0.2500, 0.2502, 0.2499, 0.2499],
        [0.2498, 0.2501, 0.2504, 0.2497]], device='mps:0',
       grad_fn=<SoftmaxBackward0>)
05/25 05:52:03 PM Cell 1: tensor([[0.5001, 0.4999],
        [0.4998, 0.5002],
        [0.5003, 0.4997],
        [0.5000, 0.5000],
        [0.4999, 0.5001],
        [0.5002, 0.4998],
        [0.5003, 0.4997],
        [0.4999, 0.5001],
        [0.5003, 0.4997],
        [0.4999, 0.5001],
        [0.4997, 0.5003],
        [0.5005, 0.4995],
        [0.5005, 0.4995],
        [0.5000, 0.5000]], device='mps:0', grad_fn=<SoftmaxBackward0>)
05/25 05:52:03 PM Softmax of alphas_reduce:
05/25 05:52:03 PM Cell 0: tensor([[0.2800, 0.2471, 0.2559, 0.2170],
        [0.2889, 0.2180, 0.2508, 0.2423],
        [0.2741, 0.2109, 0.2697, 0.2453],
        [0.2668, 0.2228, 0.2268, 0.2836],
        [0.2500, 0.2512, 0.2338, 0.2650],
        [0.2647, 0.2658, 0.2237, 0.2458],
        [0.2566, 0.2562, 0.2361, 0.2511],
        [0.2586, 0.2208, 0.2236, 0.2969],
        [0.2633, 0.2702, 0.2316, 0.2349],
        [0.2711, 0.2321, 0.2526, 0.2442],
        [0.2479, 0.2461, 0.2477, 0.2583],
        [0.2695, 0.2268, 0.2442, 0.2595],
        [0.2632, 0.2684, 0.2440, 0.2244],
        [0.2527, 0.2597, 0.2416, 0.2460]], device='mps:0',
       grad_fn=<SoftmaxBackward0>)
05/25 05:52:03 PM Cell 1: tensor([[0.4501, 0.5499],
        [0.4116, 0.5884],
        [0.4281, 0.5719],
        [0.4003, 0.5997],
        [0.4166, 0.5834],
        [0.3921, 0.6079],
        [0.4149, 0.5851],
        [0.4260, 0.5740],
        [0.6657, 0.3343],
        [0.3630, 0.6370],
        [0.3704, 0.6296],
        [0.4209, 0.5791],
        [0.6982, 0.3018],
        [0.7132, 0.2868]], device='mps:0', grad_fn=<SoftmaxBackward0>)
05/25 05:52:35 PM train Top 1: 28.0000 | train Top 5: 72.0000  | Loss: 5.6271 | Total energy: tensor(0.0023, device='mps:0', grad_fn=<AddBackward0>)
05/25 05:52:51 PM Validation Top 1: 16.0000 | Val Top 5: 64.0000  | Loss: 22.0912
05/25 05:52:51 PM epoch 5 lr 9.991120e-03
05/25 05:52:51 PM genotype = Genotype(normal=[('dil_conv_5x5', 1), ('sep_conv_3x3', 0), ('sep_conv_3x3', 2), ('sep_conv_3x3', 0), ('dil_conv_5x5', 0), ('max_pool_3x3', 3), ('dil_conv_5x5', 0), ('dil_conv_5x5', 4), ('skip_connect', 1), ('max_pool_3x3', 0), ('max_pool_3x3', 0), ('skip_connect', 2), ('max_pool_3x3', 3), ('max_pool_3x3', 1), ('max_pool_3x3', 3), ('max_pool_3x3', 2)], normal_concat=range(2, 6), reduce=[('conv_3x3', 1), ('conv_3x3', 0), ('conv_3x3', 0), ('max_pool_3x3', 1), ('max_pool_3x3', 2), ('sep_conv_3x3', 0), ('conv_3x3', 0), ('conv_3x3', 2), ('skip_connect', 0), ('skip_connect', 1), ('skip_connect', 2), ('skip_connect', 1), ('max_pool_3x3', 3), ('skip_connect', 0), ('max_pool_3x3', 4), ('max_pool_3x3', 3)], reduce_concat=range(2, 6))
05/25 05:52:51 PM Softmax of alphas_normal:
05/25 05:52:51 PM Cell 0: tensor([[0.2496, 0.2502, 0.2501, 0.2500],
        [0.2500, 0.2498, 0.2502, 0.2500],
        [0.2496, 0.2504, 0.2501, 0.2499],
        [0.2497, 0.2501, 0.2501, 0.2501],
        [0.2497, 0.2505, 0.2505, 0.2493],
        [0.2498, 0.2502, 0.2503, 0.2497],
        [0.2497, 0.2501, 0.2501, 0.2501],
        [0.2501, 0.2498, 0.2499, 0.2501],
        [0.2500, 0.2500, 0.2497, 0.2503],
        [0.2501, 0.2497, 0.2505, 0.2497],
        [0.2500, 0.2502, 0.2498, 0.2499],
        [0.2498, 0.2500, 0.2501, 0.2501],
        [0.2500, 0.2502, 0.2499, 0.2499],
        [0.2498, 0.2501, 0.2504, 0.2497]], device='mps:0',
       grad_fn=<SoftmaxBackward0>)
05/25 05:52:51 PM Cell 1: tensor([[0.5001, 0.4999],
        [0.4998, 0.5002],
        [0.5003, 0.4997],
        [0.5000, 0.5000],
        [0.4999, 0.5001],
        [0.5002, 0.4998],
        [0.5003, 0.4997],
        [0.4999, 0.5001],
        [0.5003, 0.4997],
        [0.4999, 0.5001],
        [0.4997, 0.5003],
        [0.5005, 0.4995],
        [0.5005, 0.4995],
        [0.5000, 0.5000]], device='mps:0', grad_fn=<SoftmaxBackward0>)
05/25 05:52:51 PM Softmax of alphas_reduce:
05/25 05:52:51 PM Cell 0: tensor([[0.2814, 0.2472, 0.2573, 0.2141],
        [0.2970, 0.2186, 0.2464, 0.2380],
        [0.2809, 0.2130, 0.2673, 0.2389],
        [0.2745, 0.2254, 0.2254, 0.2748],
        [0.2557, 0.2549, 0.2319, 0.2575],
        [0.2668, 0.2690, 0.2218, 0.2424],
        [0.2654, 0.2590, 0.2328, 0.2429],
        [0.2738, 0.2187, 0.2178, 0.2896],
        [0.2646, 0.2676, 0.2317, 0.2361],
        [0.2808, 0.2283, 0.2505, 0.2404],
        [0.2543, 0.2490, 0.2477, 0.2490],
        [0.2700, 0.2348, 0.2425, 0.2527],
        [0.2609, 0.2646, 0.2535, 0.2210],
        [0.2532, 0.2581, 0.2519, 0.2368]], device='mps:0',
       grad_fn=<SoftmaxBackward0>)
05/25 05:52:51 PM Cell 1: tensor([[0.4383, 0.5617],
        [0.4475, 0.5525],
        [0.4346, 0.5654],
        [0.3937, 0.6063],
        [0.3772, 0.6228],
        [0.3694, 0.6306],
        [0.4389, 0.5611],
        [0.3795, 0.6205],
        [0.6920, 0.3080],
        [0.3343, 0.6657],
        [0.3852, 0.6148],
        [0.3700, 0.6300],
        [0.7239, 0.2761],
        [0.7485, 0.2515]], device='mps:0', grad_fn=<SoftmaxBackward0>)
05/25 05:53:23 PM train Top 1: 12.0000 | train Top 5: 56.0000  | Loss: 6.8555 | Total energy: tensor(0.0023, device='mps:0', grad_fn=<AddBackward0>)
05/25 05:53:39 PM Validation Top 1: 8.0000 | Val Top 5: 48.0000  | Loss: 13.6660
05/25 05:53:39 PM epoch 6 lr 9.987915e-03
05/25 05:53:39 PM genotype = Genotype(normal=[('dil_conv_5x5', 1), ('sep_conv_3x3', 0), ('sep_conv_3x3', 2), ('sep_conv_3x3', 0), ('dil_conv_5x5', 0), ('max_pool_3x3', 3), ('dil_conv_5x5', 0), ('dil_conv_5x5', 4), ('skip_connect', 1), ('max_pool_3x3', 0), ('max_pool_3x3', 0), ('skip_connect', 2), ('max_pool_3x3', 3), ('max_pool_3x3', 1), ('max_pool_3x3', 3), ('max_pool_3x3', 2)], normal_concat=range(2, 6), reduce=[('conv_3x3', 1), ('conv_3x3', 0), ('conv_3x3', 0), ('conv_3x3', 1), ('max_pool_3x3', 2), ('conv_3x3', 1), ('conv_3x3', 0), ('conv_3x3', 2), ('skip_connect', 0), ('skip_connect', 1), ('skip_connect', 2), ('skip_connect', 1), ('max_pool_3x3', 3), ('skip_connect', 2), ('max_pool_3x3', 4), ('max_pool_3x3', 3)], reduce_concat=range(2, 6))
05/25 05:53:39 PM Softmax of alphas_normal:
05/25 05:53:39 PM Cell 0: tensor([[0.2496, 0.2502, 0.2501, 0.2500],
        [0.2500, 0.2498, 0.2502, 0.2500],
        [0.2496, 0.2504, 0.2501, 0.2499],
        [0.2497, 0.2501, 0.2501, 0.2501],
        [0.2497, 0.2505, 0.2505, 0.2493],
        [0.2498, 0.2502, 0.2503, 0.2497],
        [0.2497, 0.2501, 0.2501, 0.2501],
        [0.2501, 0.2498, 0.2499, 0.2501],
        [0.2500, 0.2500, 0.2497, 0.2503],
        [0.2501, 0.2497, 0.2505, 0.2497],
        [0.2500, 0.2502, 0.2498, 0.2499],
        [0.2498, 0.2500, 0.2501, 0.2501],
        [0.2500, 0.2502, 0.2499, 0.2499],
        [0.2498, 0.2501, 0.2504, 0.2497]], device='mps:0',
       grad_fn=<SoftmaxBackward0>)
05/25 05:53:39 PM Cell 1: tensor([[0.5001, 0.4999],
        [0.4998, 0.5002],
        [0.5003, 0.4997],
        [0.5000, 0.5000],
        [0.4999, 0.5001],
        [0.5002, 0.4998],
        [0.5003, 0.4997],
        [0.4999, 0.5001],
        [0.5003, 0.4997],
        [0.4999, 0.5001],
        [0.4997, 0.5003],
        [0.5005, 0.4995],
        [0.5005, 0.4995],
        [0.5000, 0.5000]], device='mps:0', grad_fn=<SoftmaxBackward0>)
05/25 05:53:39 PM Softmax of alphas_reduce:
05/25 05:53:39 PM Cell 0: tensor([[0.2802, 0.2536, 0.2491, 0.2170],
        [0.2930, 0.2177, 0.2521, 0.2372],
        [0.2907, 0.2139, 0.2586, 0.2367],
        [0.2809, 0.2294, 0.2224, 0.2673],
        [0.2680, 0.2483, 0.2250, 0.2587],
        [0.2714, 0.2706, 0.2150, 0.2430],
        [0.2768, 0.2563, 0.2310, 0.2359],
        [0.2860, 0.2146, 0.2040, 0.2954],
        [0.2677, 0.2666, 0.2248, 0.2409],
        [0.2923, 0.2301, 0.2388, 0.2388],
        [0.2617, 0.2500, 0.2399, 0.2484],
        [0.2756, 0.2375, 0.2265, 0.2603],
        [0.2568, 0.2736, 0.2414, 0.2281],
        [0.2515, 0.2642, 0.2434, 0.2409]], device='mps:0',
       grad_fn=<SoftmaxBackward0>)
05/25 05:53:39 PM Cell 1: tensor([[0.4407, 0.5593],
        [0.4930, 0.5070],
        [0.4659, 0.5341],
        [0.4110, 0.5890],
        [0.3659, 0.6341],
        [0.3943, 0.6057],
        [0.4996, 0.5004],
        [0.3694, 0.6306],
        [0.7228, 0.2772],
        [0.3512, 0.6488],
        [0.4271, 0.5729],
        [0.3589, 0.6411],
        [0.7571, 0.2429],
        [0.7792, 0.2208]], device='mps:0', grad_fn=<SoftmaxBackward0>)
05/25 05:54:12 PM train Top 1: 12.0000 | train Top 5: 60.0000  | Loss: 5.4868 | Total energy: tensor(0.0023, device='mps:0', grad_fn=<AddBackward0>)
05/25 05:54:28 PM Validation Top 1: 12.0000 | Val Top 5: 52.0000  | Loss: 12.9935
05/25 05:54:28 PM epoch 7 lr 9.984218e-03
05/25 05:54:28 PM genotype = Genotype(normal=[('dil_conv_5x5', 1), ('sep_conv_3x3', 0), ('sep_conv_3x3', 2), ('sep_conv_3x3', 0), ('dil_conv_5x5', 0), ('max_pool_3x3', 3), ('dil_conv_5x5', 0), ('dil_conv_5x5', 4), ('skip_connect', 1), ('max_pool_3x3', 0), ('max_pool_3x3', 0), ('skip_connect', 2), ('max_pool_3x3', 3), ('max_pool_3x3', 1), ('max_pool_3x3', 3), ('max_pool_3x3', 2)], normal_concat=range(2, 6), reduce=[('conv_3x3', 1), ('conv_3x3', 0), ('conv_3x3', 0), ('conv_3x3', 1), ('max_pool_3x3', 2), ('conv_3x3', 1), ('conv_3x3', 0), ('conv_3x3', 2), ('skip_connect', 0), ('max_pool_3x3', 1), ('skip_connect', 2), ('skip_connect', 1), ('max_pool_3x3', 3), ('skip_connect', 2), ('max_pool_3x3', 4), ('max_pool_3x3', 3)], reduce_concat=range(2, 6))
05/25 05:54:28 PM Softmax of alphas_normal:
05/25 05:54:28 PM Cell 0: tensor([[0.2496, 0.2502, 0.2501, 0.2500],
        [0.2500, 0.2498, 0.2502, 0.2500],
        [0.2496, 0.2504, 0.2501, 0.2499],
        [0.2497, 0.2501, 0.2501, 0.2501],
        [0.2497, 0.2505, 0.2505, 0.2493],
        [0.2498, 0.2502, 0.2503, 0.2497],
        [0.2497, 0.2501, 0.2501, 0.2501],
        [0.2501, 0.2498, 0.2499, 0.2501],
        [0.2500, 0.2500, 0.2497, 0.2503],
        [0.2501, 0.2497, 0.2505, 0.2497],
        [0.2500, 0.2502, 0.2498, 0.2499],
        [0.2498, 0.2500, 0.2501, 0.2501],
        [0.2500, 0.2502, 0.2499, 0.2499],
        [0.2498, 0.2501, 0.2504, 0.2497]], device='mps:0',
       grad_fn=<SoftmaxBackward0>)
05/25 05:54:28 PM Cell 1: tensor([[0.5001, 0.4999],
        [0.4998, 0.5002],
        [0.5003, 0.4997],
        [0.5000, 0.5000],
        [0.4999, 0.5001],
        [0.5002, 0.4998],
        [0.5003, 0.4997],
        [0.4999, 0.5001],
        [0.5003, 0.4997],
        [0.4999, 0.5001],
        [0.4997, 0.5003],
        [0.5005, 0.4995],
        [0.5005, 0.4995],
        [0.5000, 0.5000]], device='mps:0', grad_fn=<SoftmaxBackward0>)
05/25 05:54:28 PM Softmax of alphas_reduce:
05/25 05:54:28 PM Cell 0: tensor([[0.2828, 0.2564, 0.2420, 0.2188],
        [0.2930, 0.2161, 0.2525, 0.2384],
        [0.2934, 0.2104, 0.2592, 0.2370],
        [0.2860, 0.2265, 0.2139, 0.2736],
        [0.2751, 0.2451, 0.2191, 0.2606],
        [0.2750, 0.2678, 0.2125, 0.2447],
        [0.2823, 0.2546, 0.2288, 0.2343],
        [0.2911, 0.2173, 0.1955, 0.2961],
        [0.2691, 0.2695, 0.2196, 0.2419],
        [0.2968, 0.2292, 0.2371, 0.2368],
        [0.2700, 0.2485, 0.2342, 0.2474],
        [0.2766, 0.2390, 0.2167, 0.2676],
        [0.2570, 0.2675, 0.2406, 0.2349],
        [0.2495, 0.2679, 0.2354, 0.2472]], device='mps:0',
       grad_fn=<SoftmaxBackward0>)
05/25 05:54:28 PM Cell 1: tensor([[0.4339, 0.5661],
        [0.5412, 0.4588],
        [0.5019, 0.4981],
        [0.4401, 0.5599],
        [0.3452, 0.6548],
        [0.4098, 0.5902],
        [0.5309, 0.4691],
        [0.3471, 0.6529],
        [0.7520, 0.2480],
        [0.3744, 0.6256],
        [0.5189, 0.4811],
        [0.3225, 0.6775],
        [0.7847, 0.2153],
        [0.8044, 0.1956]], device='mps:0', grad_fn=<SoftmaxBackward0>)
05/25 05:55:02 PM train Top 1: 28.0000 | train Top 5: 72.0000  | Loss: 4.3067 | Total energy: tensor(0.0023, device='mps:0', grad_fn=<AddBackward0>)
05/25 05:55:18 PM Validation Top 1: 16.0000 | Val Top 5: 40.0000  | Loss: 11.4946
05/25 05:55:18 PM epoch 8 lr 9.980029e-03
05/25 05:55:18 PM genotype = Genotype(normal=[('dil_conv_5x5', 1), ('sep_conv_3x3', 0), ('sep_conv_3x3', 2), ('sep_conv_3x3', 0), ('dil_conv_5x5', 0), ('max_pool_3x3', 3), ('dil_conv_5x5', 0), ('dil_conv_5x5', 4), ('skip_connect', 1), ('max_pool_3x3', 0), ('max_pool_3x3', 0), ('skip_connect', 2), ('max_pool_3x3', 3), ('max_pool_3x3', 1), ('max_pool_3x3', 3), ('max_pool_3x3', 2)], normal_concat=range(2, 6), reduce=[('conv_3x3', 1), ('conv_3x3', 0), ('conv_3x3', 0), ('conv_3x3', 1), ('max_pool_3x3', 2), ('conv_3x3', 1), ('conv_3x3', 0), ('conv_3x3', 2), ('skip_connect', 0), ('max_pool_3x3', 1), ('skip_connect', 2), ('skip_connect', 1), ('max_pool_3x3', 3), ('skip_connect', 2), ('max_pool_3x3', 4), ('max_pool_3x3', 3)], reduce_concat=range(2, 6))
05/25 05:55:18 PM Softmax of alphas_normal:
05/25 05:55:18 PM Cell 0: tensor([[0.2496, 0.2502, 0.2501, 0.2500],
        [0.2500, 0.2498, 0.2502, 0.2500],
        [0.2496, 0.2504, 0.2501, 0.2499],
        [0.2497, 0.2501, 0.2501, 0.2501],
        [0.2497, 0.2505, 0.2505, 0.2493],
        [0.2498, 0.2502, 0.2503, 0.2497],
        [0.2497, 0.2501, 0.2501, 0.2501],
        [0.2501, 0.2498, 0.2499, 0.2501],
        [0.2500, 0.2500, 0.2497, 0.2503],
        [0.2501, 0.2497, 0.2505, 0.2497],
        [0.2500, 0.2502, 0.2498, 0.2499],
        [0.2498, 0.2500, 0.2501, 0.2501],
        [0.2500, 0.2502, 0.2499, 0.2499],
        [0.2498, 0.2501, 0.2504, 0.2497]], device='mps:0',
       grad_fn=<SoftmaxBackward0>)
05/25 05:55:18 PM Cell 1: tensor([[0.5001, 0.4999],
        [0.4998, 0.5002],
        [0.5003, 0.4997],
        [0.5000, 0.5000],
        [0.4999, 0.5001],
        [0.5002, 0.4998],
        [0.5003, 0.4997],
        [0.4999, 0.5001],
        [0.5003, 0.4997],
        [0.4999, 0.5001],
        [0.4997, 0.5003],
        [0.5005, 0.4995],
        [0.5005, 0.4995],
        [0.5000, 0.5000]], device='mps:0', grad_fn=<SoftmaxBackward0>)
05/25 05:55:18 PM Softmax of alphas_reduce:
05/25 05:55:18 PM Cell 0: tensor([[0.2801, 0.2549, 0.2432, 0.2218],
        [0.2907, 0.2175, 0.2527, 0.2391],
        [0.2930, 0.2096, 0.2564, 0.2410],
        [0.2862, 0.2261, 0.2122, 0.2755],
        [0.2786, 0.2388, 0.2171, 0.2655],
        [0.2722, 0.2677, 0.2123, 0.2478],
        [0.2784, 0.2540, 0.2311, 0.2364],
        [0.2892, 0.2154, 0.1881, 0.3073],
        [0.2650, 0.2714, 0.2173, 0.2464],
        [0.2912, 0.2269, 0.2361, 0.2458],
        [0.2673, 0.2464, 0.2366, 0.2497],
        [0.2820, 0.2331, 0.2106, 0.2743],
        [0.2562, 0.2691, 0.2366, 0.2381],
        [0.2502, 0.2637, 0.2308, 0.2553]], device='mps:0',
       grad_fn=<SoftmaxBackward0>)
05/25 05:55:18 PM Cell 1: tensor([[0.3660, 0.6340],
        [0.5093, 0.4907],
        [0.4413, 0.5587],
        [0.4332, 0.5668],
        [0.3037, 0.6963],
        [0.3481, 0.6519],
        [0.5363, 0.4637],
        [0.3083, 0.6917],
        [0.7551, 0.2449],
        [0.3268, 0.6732],
        [0.4997, 0.5003],
        [0.2855, 0.7145],
        [0.7926, 0.2074],
        [0.8197, 0.1803]], device='mps:0', grad_fn=<SoftmaxBackward0>)
05/25 05:55:51 PM train Top 1: 20.0000 | train Top 5: 68.0000  | Loss: 3.6252 | Total energy: tensor(0.0023, device='mps:0', grad_fn=<AddBackward0>)
05/25 05:56:06 PM Validation Top 1: 12.0000 | Val Top 5: 56.0000  | Loss: 9.3239
05/25 05:56:06 PM epoch 9 lr 9.975349e-03
05/25 05:56:06 PM genotype = Genotype(normal=[('dil_conv_5x5', 1), ('sep_conv_3x3', 0), ('sep_conv_3x3', 2), ('sep_conv_3x3', 0), ('dil_conv_5x5', 0), ('max_pool_3x3', 3), ('dil_conv_5x5', 0), ('dil_conv_5x5', 4), ('skip_connect', 1), ('max_pool_3x3', 0), ('max_pool_3x3', 0), ('skip_connect', 2), ('max_pool_3x3', 3), ('max_pool_3x3', 1), ('max_pool_3x3', 3), ('max_pool_3x3', 2)], normal_concat=range(2, 6), reduce=[('conv_3x3', 1), ('conv_3x3', 0), ('conv_3x3', 0), ('conv_3x3', 1), ('max_pool_3x3', 2), ('conv_3x3', 1), ('conv_3x3', 0), ('conv_3x3', 2), ('skip_connect', 0), ('max_pool_3x3', 1), ('skip_connect', 2), ('skip_connect', 0), ('skip_connect', 2), ('max_pool_3x3', 3), ('max_pool_3x3', 4), ('max_pool_3x3', 3)], reduce_concat=range(2, 6))
05/25 05:56:06 PM Softmax of alphas_normal:
05/25 05:56:06 PM Cell 0: tensor([[0.2496, 0.2502, 0.2501, 0.2500],
        [0.2500, 0.2498, 0.2502, 0.2500],
        [0.2496, 0.2504, 0.2501, 0.2499],
        [0.2497, 0.2501, 0.2501, 0.2501],
        [0.2497, 0.2505, 0.2505, 0.2493],
        [0.2498, 0.2502, 0.2503, 0.2497],
        [0.2497, 0.2501, 0.2501, 0.2501],
        [0.2501, 0.2498, 0.2499, 0.2501],
        [0.2500, 0.2500, 0.2497, 0.2503],
        [0.2501, 0.2497, 0.2505, 0.2497],
        [0.2500, 0.2502, 0.2498, 0.2499],
        [0.2498, 0.2500, 0.2501, 0.2501],
        [0.2500, 0.2502, 0.2499, 0.2499],
        [0.2498, 0.2501, 0.2504, 0.2497]], device='mps:0',
       grad_fn=<SoftmaxBackward0>)
05/25 05:56:07 PM Cell 1: tensor([[0.5001, 0.4999],
        [0.4998, 0.5002],
        [0.5003, 0.4997],
        [0.5000, 0.5000],
        [0.4999, 0.5001],
        [0.5002, 0.4998],
        [0.5003, 0.4997],
        [0.4999, 0.5001],
        [0.5003, 0.4997],
        [0.4999, 0.5001],
        [0.4997, 0.5003],
        [0.5005, 0.4995],
        [0.5005, 0.4995],
        [0.5000, 0.5000]], device='mps:0', grad_fn=<SoftmaxBackward0>)
05/25 05:56:07 PM Softmax of alphas_reduce:
05/25 05:56:07 PM Cell 0: tensor([[0.2827, 0.2488, 0.2483, 0.2202],
        [0.2952, 0.2225, 0.2485, 0.2338],
        [0.2941, 0.2083, 0.2569, 0.2408],
        [0.2870, 0.2281, 0.2107, 0.2742],
        [0.2821, 0.2385, 0.2160, 0.2634],
        [0.2705, 0.2697, 0.2169, 0.2429],
        [0.2855, 0.2539, 0.2297, 0.2308],
        [0.2957, 0.2185, 0.1900, 0.2958],
        [0.2745, 0.2643, 0.2202, 0.2410],
        [0.2934, 0.2288, 0.2423, 0.2355],
        [0.2765, 0.2502, 0.2341, 0.2391],
        [0.2917, 0.2317, 0.2103, 0.2662],
        [0.2633, 0.2648, 0.2379, 0.2341],
        [0.2583, 0.2642, 0.2274, 0.2501]], device='mps:0',
       grad_fn=<SoftmaxBackward0>)
05/25 05:56:07 PM Cell 1: tensor([[0.3264, 0.6736],
        [0.5203, 0.4797],
        [0.4040, 0.5960],
        [0.4329, 0.5671],
        [0.2557, 0.7443],
        [0.3267, 0.6733],
        [0.5317, 0.4683],
        [0.2571, 0.7429],
        [0.7374, 0.2626],
        [0.3128, 0.6872],
        [0.5000, 0.5000],
        [0.2363, 0.7637],
        [0.7793, 0.2207],
        [0.8280, 0.1720]], device='mps:0', grad_fn=<SoftmaxBackward0>)
05/25 05:56:39 PM train Top 1: 12.0000 | train Top 5: 64.0000  | Loss: 4.1882 | Total energy: tensor(0.0023, device='mps:0', grad_fn=<AddBackward0>)
05/25 05:56:55 PM Validation Top 1: 4.0000 | Val Top 5: 52.0000  | Loss: 9.1989
05/25 05:56:55 PM epoch 10 lr 9.970177e-03
05/25 05:56:55 PM genotype = Genotype(normal=[('dil_conv_5x5', 1), ('sep_conv_3x3', 0), ('sep_conv_3x3', 2), ('sep_conv_3x3', 0), ('dil_conv_5x5', 0), ('max_pool_3x3', 3), ('dil_conv_5x5', 0), ('dil_conv_5x5', 4), ('skip_connect', 1), ('max_pool_3x3', 0), ('max_pool_3x3', 0), ('skip_connect', 2), ('max_pool_3x3', 3), ('max_pool_3x3', 1), ('max_pool_3x3', 3), ('max_pool_3x3', 2)], normal_concat=range(2, 6), reduce=[('conv_3x3', 1), ('conv_3x3', 0), ('conv_3x3', 0), ('conv_3x3', 2), ('conv_3x3', 2), ('conv_3x3', 1), ('conv_3x3', 2), ('conv_3x3', 0), ('skip_connect', 0), ('max_pool_3x3', 1), ('skip_connect', 2), ('skip_connect', 0), ('skip_connect', 2), ('max_pool_3x3', 3), ('max_pool_3x3', 4), ('skip_connect', 2)], reduce_concat=range(2, 6))
05/25 05:56:55 PM Softmax of alphas_normal:
05/25 05:56:55 PM Cell 0: tensor([[0.2496, 0.2502, 0.2501, 0.2500],
        [0.2500, 0.2498, 0.2502, 0.2500],
        [0.2496, 0.2504, 0.2501, 0.2499],
        [0.2497, 0.2501, 0.2501, 0.2501],
        [0.2497, 0.2505, 0.2505, 0.2493],
        [0.2498, 0.2502, 0.2503, 0.2497],
        [0.2497, 0.2501, 0.2501, 0.2501],
        [0.2501, 0.2498, 0.2499, 0.2501],
        [0.2500, 0.2500, 0.2497, 0.2503],
        [0.2501, 0.2497, 0.2505, 0.2497],
        [0.2500, 0.2502, 0.2498, 0.2499],
        [0.2498, 0.2500, 0.2501, 0.2501],
        [0.2500, 0.2502, 0.2499, 0.2499],
        [0.2498, 0.2501, 0.2504, 0.2497]], device='mps:0',
       grad_fn=<SoftmaxBackward0>)
05/25 05:56:55 PM Cell 1: tensor([[0.5001, 0.4999],
        [0.4998, 0.5002],
        [0.5003, 0.4997],
        [0.5000, 0.5000],
        [0.4999, 0.5001],
        [0.5002, 0.4998],
        [0.5003, 0.4997],
        [0.4999, 0.5001],
        [0.5003, 0.4997],
        [0.4999, 0.5001],
        [0.4997, 0.5003],
        [0.5005, 0.4995],
        [0.5005, 0.4995],
        [0.5000, 0.5000]], device='mps:0', grad_fn=<SoftmaxBackward0>)
05/25 05:56:55 PM Softmax of alphas_reduce:
05/25 05:56:55 PM Cell 0: tensor([[0.2823, 0.2488, 0.2444, 0.2245],
        [0.2950, 0.2211, 0.2448, 0.2390],
        [0.2919, 0.2112, 0.2529, 0.2440],
        [0.2867, 0.2296, 0.2069, 0.2768],
        [0.2883, 0.2297, 0.2102, 0.2718],
        [0.2745, 0.2616, 0.2169, 0.2470],
        [0.2873, 0.2484, 0.2317, 0.2325],
        [0.2996, 0.2113, 0.1902, 0.2989],
        [0.2774, 0.2530, 0.2206, 0.2490],
        [0.2870, 0.2277, 0.2468, 0.2385],
        [0.2724, 0.2433, 0.2361, 0.2481],
        [0.2948, 0.2275, 0.2017, 0.2760],
        [0.2620, 0.2551, 0.2403, 0.2426],
        [0.2617, 0.2616, 0.2209, 0.2558]], device='mps:0',
       grad_fn=<SoftmaxBackward0>)
05/25 05:56:55 PM Cell 1: tensor([[0.2978, 0.7022],
        [0.5351, 0.4649],
        [0.3779, 0.6221],
        [0.4411, 0.5589],
        [0.2205, 0.7795],
        [0.3026, 0.6974],
        [0.5358, 0.4642],
        [0.2180, 0.7820],
        [0.7242, 0.2758],
        [0.2899, 0.7101],
        [0.4977, 0.5023],
        [0.1975, 0.8025],
        [0.7678, 0.2322],
        [0.8367, 0.1633]], device='mps:0', grad_fn=<SoftmaxBackward0>)
05/25 05:57:27 PM train Top 1: 28.0000 | train Top 5: 68.0000  | Loss: 4.3041 | Total energy: tensor(0.0023, device='mps:0', grad_fn=<AddBackward0>)
05/25 05:57:43 PM Validation Top 1: 16.0000 | Val Top 5: 48.0000  | Loss: 8.2314
05/25 05:57:43 PM epoch 11 lr 9.964516e-03
05/25 05:57:43 PM genotype = Genotype(normal=[('dil_conv_5x5', 1), ('sep_conv_3x3', 0), ('sep_conv_3x3', 2), ('sep_conv_3x3', 0), ('dil_conv_5x5', 0), ('max_pool_3x3', 3), ('dil_conv_5x5', 0), ('dil_conv_5x5', 4), ('skip_connect', 1), ('max_pool_3x3', 0), ('max_pool_3x3', 0), ('skip_connect', 2), ('max_pool_3x3', 3), ('max_pool_3x3', 1), ('max_pool_3x3', 3), ('max_pool_3x3', 2)], normal_concat=range(2, 6), reduce=[('conv_3x3', 1), ('conv_3x3', 0), ('conv_3x3', 2), ('conv_3x3', 0), ('max_pool_3x3', 2), ('conv_3x3', 1), ('conv_3x3', 2), ('conv_3x3', 0), ('skip_connect', 0), ('max_pool_3x3', 1), ('skip_connect', 2), ('skip_connect', 0), ('skip_connect', 2), ('max_pool_3x3', 3), ('max_pool_3x3', 4), ('skip_connect', 2)], reduce_concat=range(2, 6))
05/25 05:57:43 PM Softmax of alphas_normal:
05/25 05:57:43 PM Cell 0: tensor([[0.2496, 0.2502, 0.2501, 0.2500],
        [0.2500, 0.2498, 0.2502, 0.2500],
        [0.2496, 0.2504, 0.2501, 0.2499],
        [0.2497, 0.2501, 0.2501, 0.2501],
        [0.2497, 0.2505, 0.2505, 0.2493],
        [0.2498, 0.2502, 0.2503, 0.2497],
        [0.2497, 0.2501, 0.2501, 0.2501],
        [0.2501, 0.2498, 0.2499, 0.2501],
        [0.2500, 0.2500, 0.2497, 0.2503],
        [0.2501, 0.2497, 0.2505, 0.2497],
        [0.2500, 0.2502, 0.2498, 0.2499],
        [0.2498, 0.2500, 0.2501, 0.2501],
        [0.2500, 0.2502, 0.2499, 0.2499],
        [0.2498, 0.2501, 0.2504, 0.2497]], device='mps:0',
       grad_fn=<SoftmaxBackward0>)
05/25 05:57:43 PM Cell 1: tensor([[0.5001, 0.4999],
        [0.4998, 0.5002],
        [0.5003, 0.4997],
        [0.5000, 0.5000],
        [0.4999, 0.5001],
        [0.5002, 0.4998],
        [0.5003, 0.4997],
        [0.4999, 0.5001],
        [0.5003, 0.4997],
        [0.4999, 0.5001],
        [0.4997, 0.5003],
        [0.5005, 0.4995],
        [0.5005, 0.4995],
        [0.5000, 0.5000]], device='mps:0', grad_fn=<SoftmaxBackward0>)
05/25 05:57:43 PM Softmax of alphas_reduce:
05/25 05:57:43 PM Cell 0: tensor([[0.2772, 0.2540, 0.2425, 0.2264],
        [0.2945, 0.2183, 0.2472, 0.2400],
        [0.2904, 0.2128, 0.2540, 0.2427],
        [0.2854, 0.2383, 0.2094, 0.2669],
        [0.2952, 0.2237, 0.2031, 0.2780],
        [0.2694, 0.2636, 0.2157, 0.2513],
        [0.2881, 0.2484, 0.2318, 0.2317],
