2025-05-25 17:41:22,209 args = Namespace(data='../data', batch_size=2, learning_rate=0.01, learning_rate_min=0.001, snn_step=5, momentum=0.9, weight_decay=0.0003, report_freq=50, device='mps', epochs=300, init_channels=16, layers=3, model_path='saved_models', cutout=False, cutout_length=16, drop_path_prob=0.3, save='./log/', seed=2, grad_clip=5, train_portion=0.5, unrolled=False, arch_learning_rate=0.01, arch_weight_decay=0.001, rate=[1, 0])
2025-05-25 17:41:22,396 param size = 0.219290MB
2025-05-25 17:41:24,934 epoch 0 lr 9.999753e-03
2025-05-25 17:41:24,945 genotype = Genotype(normal=[('dil_conv_5x5', 1), ('sep_conv_3x3', 0), ('sep_conv_3x3', 2), ('sep_conv_3x3', 0), ('dil_conv_5x5', 0), ('max_pool_3x3', 3), ('dil_conv_5x5', 0), ('dil_conv_5x5', 4), ('skip_connect', 1), ('max_pool_3x3', 0), ('max_pool_3x3', 0), ('skip_connect', 2), ('max_pool_3x3', 3), ('max_pool_3x3', 1), ('max_pool_3x3', 3), ('max_pool_3x3', 2), ('dil_conv_5x5', 1), ('conv_1x1', 0), ('dil_conv_5x5', 2), ('conv_1x1', 1), ('dil_conv_5x5', 0), ('conv_1x1', 3), ('conv_1x1', 2), ('dil_conv_5x5', 4)], normal_concat=range(2, 6), reduce=[('max_pool_3x3', 0), ('conv_3x3', 1), ('sep_conv_3x3', 1), ('max_pool_3x3', 0), ('max_pool_3x3', 2), ('sep_conv_3x3', 3), ('sep_conv_3x3', 3), ('sep_conv_3x3', 1), ('max_pool_3x3', 1), ('max_pool_3x3', 0), ('max_pool_3x3', 1), ('max_pool_3x3', 0), ('max_pool_3x3', 0), ('skip_connect', 2), ('skip_connect', 0), ('skip_connect', 2), ('conv_1x1', 1), ('conv_1x1', 0), ('dil_conv_5x5', 2), ('conv_1x1', 0), ('dil_conv_5x5', 2), ('dil_conv_5x5', 3), ('conv_1x1', 4), ('conv_1x1', 2)], reduce_concat=range(2, 6))
2025-05-25 17:41:24,946 Softmax of alphas_normal:
2025-05-25 17:41:26,749 Cell 0: tensor([[0.2496, 0.2502, 0.2501, 0.2500],
        [0.2500, 0.2498, 0.2502, 0.2500],
        [0.2496, 0.2504, 0.2501, 0.2499],
        [0.2497, 0.2501, 0.2501, 0.2501],
        [0.2497, 0.2505, 0.2505, 0.2493],
        [0.2498, 0.2502, 0.2503, 0.2497],
        [0.2497, 0.2501, 0.2501, 0.2501],
        [0.2501, 0.2498, 0.2499, 0.2501],
        [0.2500, 0.2500, 0.2497, 0.2503],
        [0.2501, 0.2497, 0.2505, 0.2497],
        [0.2500, 0.2502, 0.2498, 0.2499],
        [0.2498, 0.2500, 0.2501, 0.2501],
        [0.2500, 0.2502, 0.2499, 0.2499],
        [0.2498, 0.2501, 0.2504, 0.2497]], device='mps:0',
       grad_fn=<SoftmaxBackward0>)
2025-05-25 17:41:27,440 Cell 1: tensor([[0.5001, 0.4999],
        [0.4998, 0.5002],
        [0.5003, 0.4997],
        [0.5000, 0.5000],
        [0.4999, 0.5001],
        [0.5002, 0.4998],
        [0.5003, 0.4997],
        [0.4999, 0.5001],
        [0.5003, 0.4997],
        [0.4999, 0.5001],
        [0.4997, 0.5003],
        [0.5005, 0.4995],
        [0.5005, 0.4995],
        [0.5000, 0.5000]], device='mps:0', grad_fn=<SoftmaxBackward0>)
2025-05-25 17:41:27,455 Cell 2: tensor([[0.4996, 0.5004],
        [0.5004, 0.4996],
        [0.4999, 0.5001],
        [0.4996, 0.5004],
        [0.5005, 0.4995],
        [0.5005, 0.4995],
        [0.5002, 0.4998],
        [0.5000, 0.5000],
        [0.4997, 0.5003],
        [0.5002, 0.4998],
        [0.5002, 0.4998],
        [0.4993, 0.5007],
        [0.4997, 0.5003],
        [0.5004, 0.4996]], device='mps:0', grad_fn=<SoftmaxBackward0>)
2025-05-25 17:41:27,455 Softmax of alphas_reduce:
2025-05-25 17:41:27,475 Cell 0: tensor([[0.2500, 0.2500, 0.2498, 0.2502],
        [0.2502, 0.2499, 0.2500, 0.2499],
        [0.2499, 0.2501, 0.2499, 0.2501],
        [0.2498, 0.2505, 0.2498, 0.2498],
        [0.2499, 0.2501, 0.2500, 0.2500],
        [0.2499, 0.2496, 0.2502, 0.2503],
        [0.2500, 0.2501, 0.2501, 0.2498],
        [0.2500, 0.2499, 0.2496, 0.2505],
        [0.2497, 0.2503, 0.2502, 0.2498],
        [0.2500, 0.2501, 0.2497, 0.2502],
        [0.2499, 0.2503, 0.2503, 0.2495],
        [0.2501, 0.2497, 0.2501, 0.2501],
        [0.2499, 0.2504, 0.2500, 0.2497],
        [0.2502, 0.2499, 0.2501, 0.2498]], device='mps:0',
       grad_fn=<SoftmaxBackward0>)
2025-05-25 17:41:27,483 Cell 1: tensor([[0.5001, 0.4999],
        [0.5002, 0.4998],
        [0.5006, 0.4994],
        [0.5010, 0.4990],
        [0.5002, 0.4998],
        [0.5007, 0.4993],
        [0.4998, 0.5002],
        [0.4996, 0.5004],
        [0.4996, 0.5004],
        [0.4994, 0.5006],
        [0.4997, 0.5003],
        [0.4996, 0.5004],
        [0.5003, 0.4997],
        [0.5000, 0.5000]], device='mps:0', grad_fn=<SoftmaxBackward0>)
2025-05-25 17:41:27,491 Cell 2: tensor([[0.4996, 0.5004],
        [0.4995, 0.5005],
        [0.4997, 0.5003],
        [0.5000, 0.5000],
        [0.5003, 0.4997],
        [0.4999, 0.5001],
        [0.5002, 0.4998],
        [0.5006, 0.4994],
        [0.5006, 0.4994],
        [0.5001, 0.4999],
        [0.4999, 0.5001],
        [0.4996, 0.5004],
        [0.4996, 0.5004],
        [0.4990, 0.5010]], device='mps:0', grad_fn=<SoftmaxBackward0>)
